initial: 6
0.789237        0.162927        0.02178         0.0188095       0.00489438      0.00235184      

transition: 6
0.413934        0.376673        0.0819698       0.0643698       0.0274467       0.0356066       
0.15269         0.422308        0.285097        0.0734484       0.0282547       0.0382024       
0.146734        0.137512        0.323791        0.286004        0.0498589       0.0560996       
0.136028        0.128787        0.11149         0.329101        0.222947        0.0716475       
0.0642789       0.0576293       0.0507249       0.0627628       0.484572        0.280033        
0.285823        0.0844508       0.0665102       0.0734968       0.165531        0.324188        

observation: 6
0.553475        0.411078        0.195589        0.12738         0.0668169       0.131547        
0.142513        0.208412        0.21371         0.159421        0.0688445       0.094976        
0.119144        0.157622        0.348522        0.504363        0.408928        0.294019        
0.18399         0.222532        0.240982        0.201009        0.159114        0.305121        
0.000738025     0.000328383     0.00107542      0.00571606      0.0427115       0.0354651       
0.00013983      2.73578e-05     0.000121527     0.00211096      0.253585        0.138873        
