initial: 6
0.525939        0.188602        0.123107        0.125325        0.0275565       0.00947058      

transition: 6
0.452743        0.385961        0.0636572       0.0443959       0.0223963       0.0308467       
0.182304        0.466577        0.238828        0.0565554       0.0231666       0.0325688       
0.146844        0.123687        0.310374        0.312874        0.0528488       0.053372        
0.112658        0.0942921       0.105006        0.399201        0.226903        0.0619406       
0.0673209       0.0540691       0.0525515       0.068726        0.443602        0.31373         
0.284172        0.0756687       0.051228        0.0520506       0.154562        0.382318        

observation: 6
0.505103        0.483615        0.227766        0.11208         0.0642795       0.116699        
0.114787        0.178421        0.224368        0.135351        0.0675413       0.0773234       
0.13868         0.113278        0.184131        0.182928        0.226322        0.208308        
0.233411        0.213895        0.173229        0.129069        0.155724        0.307646        
0.00771001      0.010735        0.190262        0.437984        0.224872        0.0687774       
0.000308562     5.61042e-05     0.000243975     0.00258865      0.261262        0.221246        
