initial: 6
0.985811        0.0137257       0.000442162     2.11899e-05     1.33879e-08     2.14497e-07     

transition: 6
0.392695        0.356731        0.109281        0.0912818       0.0281596       0.0218516       
0.077939        0.306522        0.372364        0.134233        0.0643546       0.0445876       
0.0438276       0.0707791       0.310878        0.423225        0.0927249       0.0585646       
0.0257242       0.0448476       0.0730942       0.353615        0.413413        0.0893059       
0.0625653       0.0615903       0.0469989       0.0228625       0.330698        0.475284        
0.322118        0.102909        0.0716022       0.025969        0.0795232       0.397878        

observation: 6
0.252596        0.103426        0.0359679       0.0407538       0.0246712       0.0089095       
0.197116        0.110838        0.0611365       0.0565302       0.0191247       0.0103179       
0.521426        0.648722        0.577226        0.273133        0.132781        0.287736        
0.0112866       0.120356        0.292955        0.516037        0.126205        0.010414        
0.000297805     0.00376963      0.0210599       0.0810973       0.0454413       0.00224309      
0.0172782       0.012888        0.0116543       0.0324487       0.651777        0.68038         
