initial: 6
0.50872         0.175001        0.157           0.138736        0.0124933       0.00804936      

transition: 6
0.296466        0.313443        0.102644        0.0965542       0.0981525       0.0927403       
0.0946701       0.29972         0.31113         0.0963266       0.100804        0.0973495       
0.107527        0.100947        0.304202        0.313523        0.0897333       0.084068        
0.107456        0.105635        0.101045        0.308505        0.289181        0.0881791       
0.0780451       0.0822826       0.0867051       0.0846702       0.347784        0.320513        
0.265376        0.0873508       0.0945722       0.0966967       0.121337        0.334667        

observation: 6
0.190148        0.249537        0.102865        0.10261         0.136133        0.106736        
0.176882        0.191777        0.175679        0.138991        0.0410944       0.0389966       
0.266855        0.22989         0.255378        0.296932        0.267438        0.252093        
0.255596        0.180521        0.233617        0.290242        0.192334        0.195307        
0.0893929       0.118435        0.210616        0.142345        0.170593        0.259091        
0.0211259       0.0298403       0.0218448       0.0288798       0.192407        0.147777        
