initial: 6
0.163061        0.0541098       0.200281        0.340526        0.164429        0.077593        

transition: 6
0.458978        0.394436        0.059877        0.0396117       0.0195543       0.0275433       
0.184582        0.481616        0.23602         0.0531408       0.0180965       0.0265443       
0.152398        0.126339        0.315988        0.309337        0.047647        0.0482905       
0.124129        0.100699        0.109239        0.3922          0.213965        0.059767        
0.0684564       0.0522939       0.0474697       0.0599715       0.459855        0.311954        
0.290416        0.074648        0.0483823       0.0495867       0.162794        0.374172        

observation: 6
0.455466        0.50344         0.211765        0.101417        0.0544699       0.113848        
0.126757        0.174485        0.21633         0.125084        0.0636223       0.0724147       
0.117828        0.108647        0.191172        0.193422        0.230901        0.222102        
0.291389        0.201844        0.165167        0.137576        0.159083        0.280992        
0.00805306      0.0115115       0.215299        0.439488        0.182049        0.0629073       
0.000506763     7.19744e-05     0.000266578     0.00301262      0.309875        0.247736        
